2,45
0xEF,32,0,0
0xEF,32,1,0
0xEF,32,0,1
0xEF,32,1,1
0xEF,32,0,2
0xEF,32,1,2
0xEF,32,0,3
0xEF,32,1,3
0xEF,32,0,4
0xEF,32,1,4
0xEF,32,0,5
0xEF,32,1,5
0xEF,32,0,6
0xEF,32,1,6
0xEF,32,0,7
0xEF,32,1,7
0xEF,32,0,8
0xEF,32,1,8
0xEF,32,0,9
0xEF,32,1,9
0xEF,32,0,10
0xEF,32,1,10
0xEF,32,0,11
0xEF,32,1,11
0xEF,32,0,12
0xEF,32,1,12
0xEF,32,0,13
0xEF,32,1,13
0xEF,32,0,14
0xEF,32,1,14
0xEF,32,0,15
0xEF,32,1,15
0xEF,32,0,16
0xEF,32,1,16
0xEF,32,0,17
0xEF,32,1,17
0xEF,32,0,18
0xEF,32,1,18
0xEF,32,0,19
0xEF,32,1,19
0xEF,32,0,20
0xEF,32,1,20
0xEF,32,0,21
0xEF,32,1,21
0xEF,32,0,22
0xEF,32,1,22
0xEF,32,0,23
0xEF,32,1,23
0xEF,32,0,24
0xEF,32,1,24
0xEF,32,0,25
0xEF,32,1,25
0xEF,32,0,26
0xEF,32,1,26
0xEF,32,0,27
0xEF,32,1,27
0xEF,32,0,28
0xEF,32,1,28
0xEF,32,0,29
0xEF,32,1,29
0xEF,32,0,30
0xEF,32,1,30
0xEF,32,0,31
0xEF,32,1,31
0xEF,32,0,32
0xEF,32,1,32
0xEF,32,0,33
0xEF,32,1,33
0xEF,32,0,34
0xEF,32,1,34
0xEF,32,0,35
0xEF,32,1,35
0xEF,32,0,36
0xEF,32,1,36
0xEF,32,0,37
0xEF,32,1,37
0xEF,32,0,38
0xEF,32,1,38
0xEF,32,0,39
0xEF,32,1,39
0xEF,32,0,40
0xEF,32,1,40
0xEF,32,0,41
0xEF,32,1,41
0xEF,32,0,42
0xEF,32,1,42
0xEF,32,0,43
0xEF,32,1,43
0xEF,32,0,44
0xEF,32,1,44
