24,6
0x40,32,5,0
0x40,32,6,0
0x40,32,7,0
0x40,32,8,0
0x40,32,9,0
0x40,32,10,0
0x40,32,11,0
0x40,32,12,0
0x40,32,13,0
0x40,32,14,0
0x40,32,15,0
0x40,32,16,0
0x40,32,17,0
0x40,32,18,0
0x40,32,19,0
0x40,32,20,0
0x40,32,21,0
0x40,32,22,0
0x40,32,23,0
0x40,32,5,1
0x40,32,6,1
0x40,32,7,1
0x40,32,8,1
0x40,32,9,1
0x40,32,10,1
0x40,32,11,1
0x40,32,12,1
0x40,32,13,1
0x40,32,14,1
0x40,32,15,1
0x40,32,16,1
0x40,32,17,1
0x40,32,18,1
0x40,32,19,1
0x40,32,20,1
0x40,32,21,1
0x40,32,22,1
0x40,32,23,1
0x40,32,5,2
0x40,32,6,2
0x40,32,7,2
0x40,32,8,2
0x40,32,9,2
0x40,32,10,2
0x40,32,11,2
0x40,32,12,2
0x40,32,13,2
0x40,32,14,2
0x40,32,15,2
0x40,32,16,2
0x40,32,17,2
0x40,32,18,2
0x40,32,19,2
0x40,32,20,2
0x40,32,21,2
0x40,32,22,2
0x40,32,23,2
0x40,32,5,3
0x40,32,6,3
0x40,32,7,3
0x40,32,8,3
0x40,32,9,3
0x40,32,10,3
0x40,32,11,3
0x40,32,12,3
0x40,32,13,3
0x40,32,14,3
0x40,32,15,3
0x40,32,16,3
0x40,32,17,3
0x40,32,18,3
0x40,32,19,3
0x40,32,20,3
0x40,32,21,3
0x40,32,22,3
0x40,32,23,3
0x40,32,5,4
0x40,32,6,4
0x40,32,7,4
0x40,32,8,4
0x40,32,9,4
0x40,32,10,4
0x40,32,11,4
0x40,32,12,4
0x40,32,13,4
0x40,32,14,4
0x40,32,15,4
0x40,32,16,4
0x40,32,17,4
0x40,32,18,4
0x40,32,19,4
0x40,32,20,4
0x40,32,21,4
0x40,32,22,4
0x40,32,23,4
0x40,32,4,1
0x40,32,4,2
0x40,32,4,3
0x40,32,4,4
0x10,32,16,0
0x10,32,23,0
0x10,32,16,1
0x10,32,23,1
0x10,32,16,2
0x10,32,23,2
0x10,32,16,3
0x10,32,23,3
0x10,32,16,0
0x10,32,16,3
0x10,32,17,0
0x10,32,17,3
0x10,32,18,0
0x10,32,18,3
0x10,32,19,0
0x10,32,19,3
0x10,32,20,0
0x10,32,20,3
0x10,32,21,0
0x10,32,21,3
0x10,32,22,0
0x10,32,22,3
0x10,32,23,0
0x10,32,23,3
0x90,32,17,1
0x90,32,18,1
0x90,32,19,1
0x90,32,20,1
0x90,32,21,1
0x90,32,22,1
0x90,32,17,2
0x90,32,18,2
0x90,32,19,2
0x90,32,20,2
0x90,32,21,2
0x90,32,22,2
0x70,32,6,1
0x70,32,7,1
0x70,32,8,1
0x60,32,0,3
0x60,32,1,3
0x60,32,2,3
0x60,32,3,3
0x70,32,5,2
0x70,32,6,2
0x70,32,7,2
0x70,32,8,2
0x60,32,3,4
0x00,32,4,5
0x00,32,5,5
0x00,32,6,5
0x00,32,21,5
0x00,32,22,5
0x00,32,23,5
