23,13
0x60,32,2,0
0x60,32,3,0
0x60,32,4,0
0x60,32,5,0
0x60,32,6,0
0x60,32,7,0
0x60,32,8,0
0x60,32,9,0
0x60,32,10,0
0x60,32,11,0
0x60,32,12,0
0x60,32,13,0
0x60,32,14,0
0x60,32,15,0
0x60,32,16,0
0x60,32,17,0
0x60,32,18,0
0x60,32,19,0
0x60,32,20,0
0x60,32,2,1
0xE0,32,3,1
0xE0,32,4,1
0xE0,32,5,1
0xE0,70,6,1
0xE0,73,7,1
0xE0,82,8,1
0xE0,69,9,1
0xE0,83,10,1
0xE0,84,11,1
0xE0,65,12,1
0xE0,84,13,1
0xE0,73,14,1
0xE0,79,15,1
0xE0,78,16,1
0xE0,32,17,1
0xE0,32,18,1
0xE0,32,19,1
0x60,32,20,1
0x40,32,2,2
0x40,32,3,2
0x40,32,4,2
0x40,32,5,2
0x40,32,6,2
0x40,32,7,2
0x40,32,8,2
0x40,32,9,2
0x40,32,10,2
0x40,32,11,2
0x40,32,12,2
0x40,32,13,2
0x40,32,14,2
0x40,32,15,2
0x40,32,16,2
0x40,32,17,2
0x40,32,18,2
0x40,32,19,2
0x40,32,20,2
0x40,32,1,3
0xC0,32,2,3
0xC0,32,3,3
0xC0,32,4,3
0xC0,32,5,3
0xC0,32,6,3
0xC0,32,7,3
0xC0,32,8,3
0xC0,32,9,3
0xC0,32,10,3
0xC0,32,11,3
0xC0,32,12,3
0xC0,32,13,3
0xC0,32,14,3
0xC0,32,15,3
0xC0,32,16,3
0xC0,32,17,3
0xC0,32,18,3
0xC0,32,19,3
0xC0,32,20,3
0x40,32,21,3
0x40,32,0,4
0xC0,32,1,4
0xC0,32,2,4
0xC0,32,3,4
0xC0,32,4,4
0xC0,32,5,4
0xC0,32,6,4
0xC0,32,7,4
0xC0,32,8,4
0xC0,32,9,4
0xC0,32,10,4
0xC0,32,11,4
0xC0,32,12,4
0xC0,32,13,4
0xC0,32,14,4
0xC0,32,15,4
0xC0,32,16,4
0xC0,32,17,4
0xC0,32,18,4
0xC0,32,19,4
0xC0,32,20,4
0xC0,32,21,4
0x40,32,22,4
0x40,32,0,5
0xC0,32,1,5
0xC0,32,2,5
0xC0,32,3,5
0xC0,32,4,5
0xC0,32,5,5
0xC0,32,6,5
0xC0,32,7,5
0xC0,32,8,5
0xC0,32,9,5
0xC0,32,10,5
0xC0,32,11,5
0xC0,32,12,5
0xC0,32,13,5
0xC0,32,14,5
0xC0,32,15,5
0xC0,32,16,5
0xC0,32,17,5
0x40,32,18,5
0x40,32,19,5
0x40,32,20,5
0x40,32,21,5
0x40,32,22,5
0x40,32,0,6
0xC0,32,1,6
0xC0,32,2,6
0xC0,32,3,6
0xC0,32,4,6
0xC0,32,5,6
0xC0,32,6,6
0xC0,32,7,6
0xC0,32,8,6
0xC0,32,9,6
0xC0,32,10,6
0xC0,32,11,6
0xC0,32,12,6
0xC0,32,13,6
0xC0,32,14,6
0xC0,32,15,6
0xC0,32,16,6
0x40,32,17,6
0x0F,32,18,6
0x0F,32,19,6
0x0F,32,20,6
0x0F,32,21,6
0x40,32,22,6
0x40,32,0,7
0xC0,32,1,7
0xC0,32,2,7
0xC0,32,3,7
0xC0,32,4,7
0xC0,32,5,7
0xC0,32,6,7
0xC0,32,7,7
0xC0,32,8,7
0xC0,32,9,7
0xC0,32,10,7
0xC0,32,11,7
0xC0,32,12,7
0xC0,32,13,7
0xC0,32,14,7
0xC0,32,15,7
0xC0,32,16,7
0x40,32,17,7
0x0F,32,18,7
0x0F,32,19,7
0x0F,32,20,7
0x0F,32,21,7
0x40,32,22,7
0x40,32,0,8
0xC0,32,1,8
0xC0,32,2,8
0xC0,32,3,8
0xC0,32,4,8
0xC0,32,5,8
0xC0,32,6,8
0xC0,32,7,8
0xC0,32,8,8
0xC0,32,9,8
0xC0,32,10,8
0xC0,32,11,8
0xC0,32,12,8
0xC0,32,13,8
0xC0,32,14,8
0xC0,32,15,8
0x40,32,16,8
0x0F,32,17,8
0x0F,32,18,8
0x0F,32,19,8
0x0F,32,20,8
0x0F,32,21,8
0x40,32,22,8
0x40,32,0,9
0xC0,32,1,9
0xC0,32,2,9
0xC0,32,3,9
0xC0,32,4,9
0xC0,32,5,9
0xC0,32,6,9
0xC0,32,7,9
0xC0,32,8,9
0xC0,32,9,9
0xC0,32,10,9
0xC0,32,11,9
0xC0,32,12,9
0xC0,32,13,9
0xC0,32,14,9
0xC0,32,15,9
0x40,32,16,9
0x0F,32,17,9
0x0F,32,18,9
0x0F,32,19,9
0x0F,32,20,9
0x0F,32,21,9
0x40,32,22,9
0x40,32,0,10
0xC0,32,1,10
0xC0,32,2,10
0xC0,32,3,10
0xC0,32,4,10
0xC0,32,5,10
0xC0,32,6,10
0xC0,32,7,10
0xC0,32,8,10
0xC0,32,9,10
0xC0,32,10,10
0xC0,32,11,10
0xC0,32,12,10
0xC0,32,13,10
0xC0,32,14,10
0x40,32,15,10
0x0F,32,16,10
0x0F,32,17,10
0x0F,32,18,10
0x0F,32,19,10
0x0F,32,20,10
0x0F,32,21,10
0x40,32,22,10
0x40,32,0,11
0xC0,32,1,11
0xC0,32,2,11
0xC0,32,3,11
0xC0,32,4,11
0xC0,32,5,11
0xC0,32,6,11
0xC0,32,7,11
0xC0,32,8,11
0xC0,32,9,11
0xC0,32,10,11
0xC0,32,11,11
0xC0,32,12,11
0xC0,32,13,11
0xC0,32,14,11
0x40,32,15,11
0x0F,32,16,11
0x0F,32,17,11
0x0F,32,18,11
0x0F,32,19,11
0x0F,32,20,11
0x0F,32,21,11
0x40,32,22,11
0x40,32,0,12
0xC0,32,1,12
0xC0,32,2,12
0xC0,32,3,12
0xC0,32,4,12
0xC0,32,5,12
0xC0,32,6,12
0xC0,32,7,12
0xC0,32,8,12
0xC0,32,9,12
0xC0,32,10,12
0xC0,32,11,12
0xC0,32,12,12
0xC0,32,13,12
0xC0,32,14,12
0x40,32,15,12
0x0F,32,16,12
0x0F,32,17,12
0x0F,32,18,12
0x0F,32,19,12
0x0F,32,20,12
0x0F,32,21,12
0x40,32,22,12
