18,9
0x70,32,0,2
0x70,32,1,1
0x70,32,1,2
0x70,32,1,3
0x70,32,2,0
0x70,32,3,0
0x70,32,4,0
0x70,32,5,0
0x70,32,6,0
0x70,32,2,1
0x70,32,3,1
0x70,32,4,1
0x70,32,5,1
0x70,32,6,1
0x70,32,2,2
0x70,32,3,2
0x70,32,4,2
0x70,32,5,2
0x70,32,6,2
0x70,32,2,3
0x70,32,3,3
0x70,32,4,3
0x70,32,5,3
0x70,32,6,3
0x70,32,2,4
0x70,32,3,4
0x70,32,4,4
0x70,32,5,4
0x70,32,6,4
0x70,32,7,1
0x70,32,8,1
0x70,32,7,2
0x70,32,8,2
0x70,32,7,3
0x70,32,8,3
0x70,32,7,4
0x70,32,8,4
0x70,32,9,0
0x70,32,10,0
0x70,32,9,1
0x70,32,10,1
0x70,32,9,2
0x70,32,10,2
0x70,32,9,3
0x70,32,10,3
0x70,32,9,4
0x70,32,10,4
0x70,32,11,0
0x70,32,12,0
0x70,32,13,0
0x70,32,14,0
0x70,32,15,0
0x70,32,11,1
0x70,32,12,1
0x70,32,13,1
0x70,32,14,1
0x70,32,15,1
0x70,32,11,2
0x70,32,12,2
0x70,32,13,2
0x70,32,14,2
0x70,32,15,2
0x70,32,11,3
0x70,32,12,3
0x70,32,13,3
0x70,32,14,3
0x70,32,15,3
0x70,32,11,4
0x70,32,12,4
0x70,32,13,4
0x70,32,14,4
0x70,32,15,4
0x70,32,12,4
0x70,32,13,4
0x70,32,14,4
0x70,32,0,17
0x70,32,16,1
0x70,32,16,2
0x70,32,16,3
0x90,32,5,6
0x90,32,15,5
0x90,32,10,6
0x90,32,13,7
0x90,32,1,8