151,6
0x69,32,0,0
0x69,32,1,0
0x69,32,2,0
0x69,32,3,0
0x69,32,4,0
0x69,32,5,0
0x69,32,6,0
0x69,32,7,0
0x69,32,8,0
0x69,32,9,0
0x69,32,10,0
0x69,32,11,0
0x69,32,12,0
0x69,32,13,0
0x69,32,14,0
0x69,32,15,0
0x69,32,16,0
0x69,32,17,0
0x69,32,18,0
0x69,32,19,0
0x69,32,20,0
0x69,32,21,0
0x69,32,22,0
0x69,32,23,0
0x69,32,24,0
0x69,32,25,0
0x69,32,26,0
0x69,32,27,0
0x69,32,28,0
0x69,32,29,0
0x69,32,30,0
0x69,32,31,0
0x69,32,32,0
0x69,32,33,0
0x69,32,34,0
0x69,32,35,0
0x69,32,36,0
0x69,32,37,0
0x69,32,38,0
0x69,32,39,0
0x69,32,40,0
0x69,32,41,0
0x69,32,42,0
0x69,32,43,0
0x69,32,44,0
0x69,32,45,0
0x69,32,46,0
0x69,32,47,0
0x69,32,48,0
0x69,32,49,0
0x69,32,50,0
0x69,32,51,0
0x69,32,52,0
0x69,32,53,0
0x69,32,54,0
0x69,32,55,0
0x69,32,56,0
0x69,32,57,0
0x69,32,58,0
0x69,32,59,0
0x69,32,60,0
0x69,32,61,0
0x69,32,62,0
0x69,32,63,0
0x69,32,64,0
0x69,32,65,0
0x69,32,66,0
0x69,32,67,0
0x69,32,68,0
0x69,32,69,0
0x69,32,70,0
0x69,32,71,0
0x69,32,72,0
0x69,32,73,0
0x69,32,74,0
0x69,32,75,0
0x69,32,76,0
0x69,32,77,0
0x69,32,78,0
0x69,32,79,0
0x69,32,80,0
0x69,32,81,0
0x69,32,82,0
0x69,32,83,0
0x69,32,84,0
0x69,32,85,0
0x69,32,86,0
0x69,32,87,0
0x69,32,88,0
0x69,32,89,0
0x69,32,90,0
0x69,32,91,0
0x69,32,92,0
0x69,32,93,0
0x69,32,94,0
0x69,32,95,0
0x69,32,96,0
0x69,32,97,0
0x69,32,98,0
0x69,32,99,0
0x69,32,100,0
0x69,32,101,0
0x69,32,102,0
0x69,32,103,0
0x69,32,104,0
0x69,32,105,0
0x69,32,106,0
0x69,32,107,0
0x69,32,108,0
0x69,32,109,0
0x69,32,110,0
0x69,32,111,0
0x69,32,112,0
0x69,32,113,0
0x69,32,114,0
0x69,32,115,0
0x69,32,116,0
0x69,32,117,0
0x69,32,118,0
0x69,32,119,0
0x69,32,120,0
0x69,32,121,0
0x69,32,122,0
0x69,32,123,0
0x69,32,124,0
0x69,32,125,0
0x69,32,126,0
0x69,32,127,0
0x69,32,128,0
0x69,32,129,0
0x69,32,130,0
0x69,32,131,0
0x69,32,132,0
0x69,32,133,0
0x69,32,134,0
0x69,32,135,0
0x69,32,136,0
0x69,32,137,0
0x69,32,138,0
0x69,32,139,0
0x69,32,140,0
0x69,32,141,0
0x69,32,142,0
0x69,32,143,0
0x69,32,144,0
0x69,32,145,0
0x69,32,146,0
0x69,32,147,0
0x69,32,148,0
0x69,32,149,0
0x69,32,150,0
0x69,32,0,1
0x69,32,1,1
0x69,32,2,1
0x69,32,3,1
0x69,32,4,1
0x69,32,5,1
0x69,32,6,1
0x69,32,7,1
0x69,32,8,1
0x69,32,9,1
0x69,32,10,1
0x69,32,11,1
0x69,32,12,1
0x69,32,13,1
0x69,32,14,1
0x69,32,15,1
0x69,32,16,1
0x69,32,17,1
0x69,32,18,1
0x69,32,19,1
0x69,32,20,1
0x69,32,21,1
0x69,32,22,1
0x69,32,23,1
0x69,32,24,1
0x69,32,25,1
0x69,32,26,1
0x69,32,27,1
0x69,32,28,1
0x69,32,29,1
0x69,32,30,1
0x69,32,31,1
0x69,32,32,1
0x69,32,33,1
0x69,32,34,1
0x69,32,35,1
0x69,32,36,1
0x69,32,37,1
0x69,32,38,1
0x69,32,39,1
0x69,32,40,1
0x69,32,41,1
0x69,32,42,1
0x69,32,43,1
0x69,32,44,1
0x69,32,45,1
0x69,32,46,1
0x69,32,47,1
0x69,32,48,1
0x69,32,49,1
0x69,32,50,1
0x69,32,51,1
0x69,32,52,1
0x69,32,53,1
0x69,32,54,1
0x69,32,55,1
0x69,32,56,1
0x69,32,57,1
0x69,32,58,1
0x69,32,59,1
0x69,32,60,1
0x69,32,61,1
0x69,32,62,1
0x69,32,63,1
0x69,32,64,1
0x69,32,65,1
0x69,32,66,1
0x69,32,67,1
0x69,32,68,1
0x69,32,69,1
0x69,32,70,1
0x69,32,71,1
0x69,32,72,1
0x69,32,73,1
0x69,32,74,1
0x69,32,75,1
0x69,32,76,1
0x69,32,77,1
0x69,32,78,1
0x69,32,79,1
0x69,32,80,1
0x69,32,81,1
0x69,32,82,1
0x69,32,83,1
0x69,32,84,1
0x69,32,85,1
0x69,32,86,1
0x69,32,87,1
0x69,32,88,1
0x69,32,89,1
0x69,32,90,1
0x69,32,91,1
0x69,32,92,1
0x69,32,93,1
0x69,32,94,1
0x69,32,95,1
0x69,32,96,1
0x69,32,97,1
0x69,32,98,1
0x69,32,99,1
0x69,32,100,1
0x69,32,101,1
0x69,32,102,1
0x69,32,103,1
0x69,32,104,1
0x69,32,105,1
0x69,32,106,1
0x69,32,107,1
0x69,32,108,1
0x69,32,109,1
0x69,32,110,1
0x69,32,111,1
0x69,32,112,1
0x69,32,113,1
0x69,32,114,1
0x69,32,115,1
0x69,32,116,1
0x69,32,117,1
0x69,32,118,1
0x69,32,119,1
0x69,32,120,1
0x69,32,121,1
0x69,32,122,1
0x69,32,123,1
0x69,32,124,1
0x69,32,125,1
0x69,32,126,1
0x69,32,127,1
0x69,32,128,1
0x69,32,129,1
0x69,32,130,1
0x69,32,131,1
0x69,32,132,1
0x69,32,133,1
0x69,32,134,1
0x69,32,135,1
0x69,32,136,1
0x69,32,137,1
0x69,32,138,1
0x69,32,139,1
0x69,32,140,1
0x69,32,141,1
0x69,32,142,1
0x69,32,143,1
0x69,32,144,1
0x69,32,145,1
0x69,32,146,1
0x69,32,147,1
0x69,32,148,1
0x69,32,149,1
0x69,32,150,1
0x69,32,0,2
0x69,32,1,2
0x69,32,2,2
0x69,32,3,2
0x69,32,4,2
0x69,32,5,2
0x69,32,6,2
0x69,32,7,2
0x69,32,8,2
0x69,32,9,2
0x69,32,10,2
0x69,32,11,2
0x69,32,12,2
0x69,32,13,2
0x69,32,14,2
0x69,32,15,2
0x69,32,16,2
0x69,32,17,2
0x69,32,18,2
0x69,32,19,2
0x69,32,20,2
0x69,32,21,2
0x69,32,22,2
0x69,32,23,2
0x69,32,24,2
0x69,32,25,2
0x69,32,26,2
0x69,32,27,2
0x69,32,28,2
0x69,32,29,2
0x69,32,30,2
0x69,32,31,2
0x69,32,32,2
0x69,32,33,2
0x69,32,34,2
0x69,32,35,2
0x69,32,36,2
0x69,32,37,2
0x69,32,38,2
0x69,32,39,2
0x69,32,40,2
0x69,32,41,2
0x69,32,42,2
0x69,32,43,2
0x69,32,44,2
0x69,32,45,2
0x69,32,46,2
0x69,32,47,2
0x69,32,48,2
0x69,32,49,2
0x69,32,50,2
0x69,32,51,2
0x69,32,52,2
0x69,32,53,2
0x69,32,54,2
0x69,32,55,2
0x69,32,56,2
0x69,32,57,2
0x69,32,58,2
0x69,32,59,2
0x69,32,60,2
0x69,32,61,2
0x69,32,62,2
0x69,32,63,2
0x69,32,64,2
0x69,32,65,2
0x69,32,66,2
0x69,32,67,2
0x69,32,68,2
0x69,32,69,2
0x69,32,70,2
0x69,32,71,2
0x69,32,72,2
0x69,32,73,2
0x69,32,74,2
0x69,32,75,2
0x69,32,76,2
0x69,32,77,2
0x69,32,78,2
0x69,32,79,2
0x69,32,80,2
0x69,32,81,2
0x69,32,82,2
0x69,32,83,2
0x69,32,84,2
0x69,32,85,2
0x69,32,86,2
0x69,32,87,2
0x69,32,88,2
0x69,32,89,2
0x69,32,90,2
0x69,32,91,2
0x69,32,92,2
0x69,32,93,2
0x69,32,94,2
0x69,32,95,2
0x69,32,96,2
0x69,32,97,2
0x69,32,98,2
0x69,32,99,2
0x69,32,100,2
0x69,32,101,2
0x69,32,102,2
0x69,32,103,2
0x69,32,104,2
0x69,32,105,2
0x69,32,106,2
0x69,32,107,2
0x69,32,108,2
0x69,32,109,2
0x69,32,110,2
0x69,32,111,2
0x69,32,112,2
0x69,32,113,2
0x69,32,114,2
0x69,32,115,2
0x69,32,116,2
0x69,32,117,2
0x69,32,118,2
0x69,32,119,2
0x69,32,120,2
0x69,32,121,2
0x69,32,122,2
0x69,32,123,2
0x69,32,124,2
0x69,32,125,2
0x69,32,126,2
0x69,32,127,2
0x69,32,128,2
0x69,32,129,2
0x69,32,130,2
0x69,32,131,2
0x69,32,132,2
0x69,32,133,2
0x69,32,134,2
0x69,32,135,2
0x69,32,136,2
0x69,32,137,2
0x69,32,138,2
0x69,32,139,2
0x69,32,140,2
0x69,32,141,2
0x69,32,142,2
0x69,32,143,2
0x69,32,144,2
0x69,32,145,2
0x69,32,146,2
0x69,32,147,2
0x69,32,148,2
0x69,32,149,2
0x69,32,150,2
0x69,32,0,3
0x69,32,1,3
0x69,32,2,3
0x69,32,3,3
0x69,32,4,3
0x69,32,5,3
0x69,32,6,3
0x69,32,7,3
0x69,32,8,3
0x69,32,9,3
0x69,32,10,3
0x69,32,11,3
0x69,32,12,3
0x69,32,13,3
0x69,32,14,3
0x69,32,15,3
0x69,32,16,3
0x69,32,17,3
0x69,32,18,3
0x69,32,19,3
0x69,32,20,3
0x69,32,21,3
0x69,32,22,3
0x69,32,23,3
0x69,32,24,3
0x69,32,25,3
0x69,32,26,3
0x69,32,27,3
0x69,32,28,3
0x69,32,29,3
0x69,32,30,3
0x69,32,31,3
0x69,32,32,3
0x69,32,33,3
0x69,32,34,3
0x69,32,35,3
0x69,32,36,3
0x69,32,37,3
0x69,32,38,3
0x69,32,39,3
0x69,32,40,3
0x69,32,41,3
0x69,32,42,3
0x69,32,43,3
0x69,32,44,3
0x69,32,45,3
0x69,32,46,3
0x69,32,47,3
0x69,32,48,3
0x69,32,49,3
0x69,32,50,3
0x69,32,51,3
0x69,32,52,3
0x69,32,53,3
0x69,32,54,3
0x69,32,55,3
0x69,32,56,3
0x69,32,57,3
0x69,32,58,3
0x69,32,59,3
0x69,32,60,3
0x69,32,61,3
0x69,32,62,3
0x69,32,63,3
0x69,32,64,3
0x69,32,65,3
0x69,32,66,3
0x69,32,67,3
0x69,32,68,3
0x69,32,69,3
0x69,32,70,3
0x69,32,71,3
0x69,32,72,3
0x69,32,73,3
0x69,32,74,3
0x69,32,75,3
0x69,32,76,3
0x69,32,77,3
0x69,32,78,3
0x69,32,79,3
0x69,32,80,3
0x69,32,81,3
0x69,32,82,3
0x69,32,83,3
0x69,32,84,3
0x69,32,85,3
0x69,32,86,3
0x69,32,87,3
0x69,32,88,3
0x69,32,89,3
0x69,32,90,3
0x69,32,91,3
0x69,32,92,3
0x69,32,93,3
0x69,32,94,3
0x69,32,95,3
0x69,32,96,3
0x69,32,97,3
0x69,32,98,3
0x69,32,99,3
0x69,32,100,3
0x69,32,101,3
0x69,32,102,3
0x69,32,103,3
0x69,32,104,3
0x69,32,105,3
0x69,32,106,3
0x69,32,107,3
0x69,32,108,3
0x69,32,109,3
0x69,32,110,3
0x69,32,111,3
0x69,32,112,3
0x69,32,113,3
0x69,32,114,3
0x69,32,115,3
0x69,32,116,3
0x69,32,117,3
0x69,32,118,3
0x69,32,119,3
0x69,32,120,3
0x69,32,121,3
0x69,32,122,3
0x69,32,123,3
0x69,32,124,3
0x69,32,125,3
0x69,32,126,3
0x69,32,127,3
0x69,32,128,3
0x69,32,129,3
0x69,32,130,3
0x69,32,131,3
0x69,32,132,3
0x69,32,133,3
0x69,32,134,3
0x69,32,135,3
0x69,32,136,3
0x69,32,137,3
0x69,32,138,3
0x69,32,139,3
0x69,32,140,3
0x69,32,141,3
0x69,32,142,3
0x69,32,143,3
0x69,32,144,3
0x69,32,145,3
0x69,32,146,3
0x69,32,147,3
0x69,32,148,3
0x69,32,149,3
0x69,32,150,3
0x69,32,0,4
0x69,32,1,4
0x69,32,2,4
0x69,32,3,4
0x69,32,4,4
0x69,32,5,4
0x69,32,6,4
0x69,32,7,4
0x69,32,8,4
0x69,32,9,4
0x69,32,10,4
0x69,32,11,4
0x69,32,12,4
0x69,32,13,4
0x69,32,14,4
0x69,32,15,4
0x69,32,16,4
0x69,32,17,4
0x69,32,18,4
0x69,32,19,4
0x69,32,20,4
0x69,32,21,4
0x69,32,22,4
0x69,32,23,4
0x69,32,24,4
0x69,32,25,4
0x69,32,26,4
0x69,32,27,4
0x69,32,28,4
0x69,32,29,4
0x69,32,30,4
0x69,32,31,4
0x69,32,32,4
0x69,32,33,4
0x69,32,34,4
0x69,32,35,4
0x69,32,36,4
0x69,32,37,4
0x69,32,38,4
0x69,32,39,4
0x69,32,40,4
0x69,32,41,4
0x69,32,42,4
0x69,32,43,4
0x69,32,44,4
0x69,32,45,4
0x69,32,46,4
0x69,32,47,4
0x69,32,48,4
0x69,32,49,4
0x69,32,50,4
0x69,32,51,4
0x69,32,52,4
0x69,32,53,4
0x69,32,54,4
0x69,32,55,4
0x69,32,56,4
0x69,32,57,4
0x69,32,58,4
0x69,32,59,4
0x69,32,60,4
0x69,32,61,4
0x69,32,62,4
0x69,32,63,4
0x69,32,64,4
0x69,32,65,4
0x69,32,66,4
0x69,32,67,4
0x69,32,68,4
0x69,32,69,4
0x69,32,70,4
0x69,32,71,4
0x69,32,72,4
0x69,32,73,4
0x69,32,74,4
0x69,32,75,4
0x69,32,76,4
0x69,32,77,4
0x69,32,78,4
0x69,32,79,4
0x69,32,80,4
0x69,32,81,4
0x69,32,82,4
0x69,32,83,4
0x69,32,84,4
0x69,32,85,4
0x69,32,86,4
0x69,32,87,4
0x69,32,88,4
0x69,32,89,4
0x69,32,90,4
0x69,32,91,4
0x69,32,92,4
0x69,32,93,4
0x69,32,94,4
0x69,32,95,4
0x69,32,96,4
0x69,32,97,4
0x69,32,98,4
0x69,32,99,4
0x69,32,100,4
0x69,32,101,4
0x69,32,102,4
0x69,32,103,4
0x69,32,104,4
0x69,32,105,4
0x69,32,106,4
0x69,32,107,4
0x69,32,108,4
0x69,32,109,4
0x69,32,110,4
0x69,32,111,4
0x69,32,112,4
0x69,32,113,4
0x69,32,114,4
0x69,32,115,4
0x69,32,116,4
0x69,32,117,4
0x69,32,118,4
0x69,32,119,4
0x69,32,120,4
0x69,32,121,4
0x69,32,122,4
0x69,32,123,4
0x69,32,124,4
0x69,32,125,4
0x69,32,126,4
0x69,32,127,4
0x69,32,128,4
0x69,32,129,4
0x69,32,130,4
0x69,32,131,4
0x69,32,132,4
0x69,32,133,4
0x69,32,134,4
0x69,32,135,4
0x69,32,136,4
0x69,32,137,4
0x69,32,138,4
0x69,32,139,4
0x69,32,140,4
0x69,32,141,4
0x69,32,142,4
0x69,32,143,4
0x69,32,144,4
0x69,32,145,4
0x69,32,146,4
0x69,32,147,4
0x69,32,148,4
0x69,32,149,4
0x69,32,150,4
0x69,32,0,5
0x69,32,1,5
0x69,32,2,5
0x69,32,3,5
0x69,32,4,5
0x69,32,5,5
0x69,32,6,5
0x69,32,7,5
0x69,32,8,5
0x69,32,9,5
0x69,32,10,5
0x69,32,11,5
0x69,32,12,5
0x69,32,13,5
0x69,32,14,5
0x69,32,15,5
0x69,32,16,5
0x69,32,17,5
0x69,32,18,5
0x69,32,19,5
0x69,32,20,5
0x69,32,21,5
0x69,32,22,5
0x69,32,23,5
0x69,32,24,5
0x69,32,25,5
0x69,32,26,5
0x69,32,27,5
0x69,32,28,5
0x69,32,29,5
0x69,32,30,5
0x69,32,31,5
0x69,32,32,5
0x69,32,33,5
0x69,32,34,5
0x69,32,35,5
0x69,32,36,5
0x69,32,37,5
0x69,32,38,5
0x69,32,39,5
0x69,32,40,5
0x69,32,41,5
0x69,32,42,5
0x69,32,43,5
0x69,32,44,5
0x69,32,45,5
0x69,32,46,5
0x69,32,47,5
0x69,32,48,5
0x69,32,49,5
0x69,32,50,5
0x69,32,51,5
0x69,32,52,5
0x69,32,53,5
0x69,32,54,5
0x69,32,55,5
0x69,32,56,5
0x69,32,57,5
0x69,32,58,5
0x69,32,59,5
0x69,32,60,5
0x69,32,61,5
0x69,32,62,5
0x69,32,63,5
0x69,32,64,5
0x69,32,65,5
0x69,32,66,5
0x69,32,67,5
0x69,32,68,5
0x69,32,69,5
0x69,32,70,5
0x69,32,71,5
0x69,32,72,5
0x69,32,73,5
0x69,32,74,5
0x69,32,75,5
0x69,32,76,5
0x69,32,77,5
0x69,32,78,5
0x69,32,79,5
0x69,32,80,5
0x69,32,81,5
0x69,32,82,5
0x69,32,83,5
0x69,32,84,5
0x69,32,85,5
0x69,32,86,5
0x69,32,87,5
0x69,32,88,5
0x69,32,89,5
0x69,32,90,5
0x69,32,91,5
0x69,32,92,5
0x69,32,93,5
0x69,32,94,5
0x69,32,95,5
0x69,32,96,5
0x69,32,97,5
0x69,32,98,5
0x69,32,99,5
0x69,32,100,5
0x69,32,101,5
0x69,32,102,5
0x69,32,103,5
0x69,32,104,5
0x69,32,105,5
0x69,32,106,5
0x69,32,107,5
0x69,32,108,5
0x69,32,109,5
0x69,32,110,5
0x69,32,111,5
0x69,32,112,5
0x69,32,113,5
0x69,32,114,5
0x69,32,115,5
0x69,32,116,5
0x69,32,117,5
0x69,32,118,5
0x69,32,119,5
0x69,32,120,5
0x69,32,121,5
0x69,32,122,5
0x69,32,123,5
0x69,32,124,5
0x69,32,125,5
0x69,32,126,5
0x69,32,127,5
0x69,32,128,5
0x69,32,129,5
0x69,32,130,5
0x69,32,131,5
0x69,32,132,5
0x69,32,133,5
0x69,32,134,5
0x69,32,135,5
0x69,32,136,5
0x69,32,137,5
0x69,32,138,5
0x69,32,139,5
0x69,32,140,5
0x69,32,141,5
0x69,32,142,5
0x69,32,143,5
0x69,32,144,5
0x69,32,145,5
0x69,32,146,5
0x69,32,147,5
0x69,32,148,5
0x69,32,149,5
0x69,32,150,5
0xE9,32,74,0
0xE9,32,75,0
0xE9,32,76,0
0xE9,32,74,1
0xE9,32,75,1
0xE9,32,76,1
0xE9,32,74,2
0xE9,32,75,2
0xE9,32,76,2
0xE9,32,74,3
0xE9,32,75,3
0xE9,32,76,3
0xE9,32,74,4
0xE9,32,75,4
0xE9,32,76,4
0xE9,32,74,5
0xE9,32,75,5
0xE9,32,76,5
