37,9
0x10,32,10,0
0x10,32,11,0
0x10,32,12,0
0x10,32,13,0
0x10,32,14,0
0x10,32,15,0
0x10,32,16,0
0x10,32,17,0
0x10,32,18,0
0x10,32,19,0
0x10,32,20,0
0x10,32,21,0
0x10,32,22,0
0x10,32,23,0
0x10,32,5,1
0x10,32,6,1
0x10,32,7,1
0x10,32,8,1
0x10,32,9,1
0x10,32,24,1
0x10,32,25,1
0x10,32,26,1
0x10,32,27,1
0x10,32,3,2
0x10,32,4,2
0x10,32,28,2
0x10,32,29,2
0x10,32,30,2
0x10,32,1,3
0x10,32,1,4
0x10,32,2,3
0x10,32,2,4
0x10,32,31,3
0x10,32,32,3
0x10,32,33,3
0x10,32,34,3
0x10,32,0,5
0x10,32,0,6
0x10,32,0,7
0x10,32,1,5
0x10,32,1,6
0x10,32,1,7
0x10,32,35,4
0x10,32,35,5
0x10,32,36,4
0x10,32,36,5
0x10,32,34,6
0x10,32,32,7
0x10,32,33,7
0x10,32,2,8
0x10,32,3,8
0x10,32,4,8
0x10,32,5,8
0x10,32,6,8
0x10,32,7,8
0x10,32,8,8
0x10,32,9,8
0x10,32,10,8
0x10,32,11,8
0x10,32,12,8
0x10,32,13,8
0x10,32,14,8
0x10,32,15,8
0x10,32,16,8
0x10,32,17,8
0x10,32,18,8
0x10,32,19,8
0x10,32,20,8
0x10,32,21,8
0x10,32,22,8
0x10,32,23,8
0x10,32,24,8
0x10,32,25,8
0x10,32,26,8
0x10,32,27,8
0x10,32,28,8
0x10,32,29,8
0x10,32,30,8
0x10,32,31,8
0x90,32,10,1
0x90,32,11,1
0x90,32,12,1
0x90,32,13,1
0x90,32,14,1
0x90,32,15,1
0x90,32,16,1
0x90,32,17,1
0x90,32,18,1
0x90,32,19,1
0x90,32,20,1
0x90,32,21,1
0x90,32,22,1
0x90,32,23,1
0x90,32,5,2
0x90,32,6,2
0x90,32,7,2
0x90,32,8,2
0x90,32,9,2
0x90,32,10,2
0x90,32,11,2
0x90,32,12,2
0x90,32,13,2
0x90,32,14,2
0x90,32,15,2
0x90,32,16,2
0x90,32,17,2
0x90,32,18,2
0x90,32,19,2
0x90,32,20,2
0x90,32,21,2
0x90,32,22,2
0x90,32,23,2
0x90,32,24,2
0x90,32,25,2
0x90,32,26,2
0x90,32,27,2
0x90,32,3,3
0x90,32,4,3
0x90,32,5,3
0x90,32,6,3
0x90,32,7,3
0x90,32,8,3
0x90,32,9,3
0x90,32,10,3
0x90,32,11,3
0x90,32,12,3
0x90,32,13,3
0x90,32,14,3
0x90,32,15,3
0x90,32,16,3
0x90,32,17,3
0x90,32,18,3
0x90,32,19,3
0x90,32,20,3
0x90,32,21,3
0x90,32,22,3
0x90,32,23,3
0x90,32,24,3
0x90,32,25,3
0x90,32,26,3
0x90,32,27,3
0x90,32,28,3
0x90,32,29,3
0x90,32,30,3
0x90,32,3,4
0x90,32,4,4
0x90,32,5,4
0x90,32,6,4
0x90,32,7,4
0x90,32,8,4
0x90,32,9,4
0x90,32,10,4
0x90,32,11,4
0x90,32,12,4
0x90,32,13,4
0x90,32,14,4
0x90,32,15,4
0x90,32,16,4
0x90,32,17,4
0x90,32,18,4
0x90,32,19,4
0x90,32,20,4
0x90,32,21,4
0x90,32,22,4
0x90,32,23,4
0x90,32,24,4
0x90,32,25,4
0x90,32,26,4
0x90,32,27,4
0x90,32,28,4
0x90,32,29,4
0x90,32,30,4
0x90,32,31,4
0x90,32,32,4
0x90,32,33,4
0x90,32,34,4
0x90,32,2,5
0x90,32,3,5
0x90,32,4,5
0x90,32,5,5
0x90,32,6,5
0x90,32,7,5
0x90,32,8,5
0x90,32,9,5
0x90,32,10,5
0x90,32,11,5
0x90,32,12,5
0x90,32,13,5
0x90,32,14,5
0x90,32,15,5
0x90,32,16,5
0x90,32,17,5
0x90,32,18,5
0x90,32,19,5
0x90,32,20,5
0x90,32,21,5
0x90,32,22,5
0x90,32,23,5
0x90,32,24,5
0x90,32,25,5
0x90,32,26,5
0x90,32,27,5
0x90,32,28,5
0x90,32,29,5
0x90,32,30,5
0x90,32,31,5
0x90,32,32,5
0x90,32,33,5
0x90,32,34,5
0x90,32,2,6
0x90,32,3,6
0x90,32,4,6
0x90,32,5,6
0x90,32,6,6
0x90,32,7,6
0x90,32,8,6
0x90,32,9,6
0x90,32,10,6
0x90,32,11,6
0x90,32,12,6
0x90,32,13,6
0x90,32,14,6
0x90,32,15,6
0x90,32,16,6
0x90,32,17,6
0x90,32,18,6
0x90,32,19,6
0x90,32,20,6
0x90,32,21,6
0x90,32,22,6
0x90,32,23,6
0x90,32,24,6
0x90,32,25,6
0x90,32,26,6
0x90,32,27,6
0x90,32,28,6
0x90,32,29,6
0x90,32,30,6
0x90,32,31,6
0x90,32,32,6
0x90,32,33,6
0x90,32,2,7
0x90,32,3,7
0x90,32,4,7
0x90,32,5,7
0x90,32,6,7
0x90,32,7,7
0x90,32,8,7
0x90,32,9,7
0x90,32,10,7
0x90,32,11,7
0x90,32,12,7
0x90,32,13,7
0x90,32,14,7
0x90,32,15,7
0x90,32,16,7
0x90,32,17,7
0x90,32,18,7
0x90,32,19,7
0x90,32,20,7
0x90,32,21,7
0x90,32,22,7
0x90,32,23,7
0x90,32,24,7
0x90,32,25,7
0x90,32,26,7
0x90,32,27,7
0x90,32,28,7
0x90,32,29,7
0x90,32,30,7
0x90,32,31,7
