52,7
0x40,32,0,0
0x40,32,1,0
0x40,32,12,0
0x40,32,13,0
0x40,32,0,1
0x40,32,1,1
0x40,32,12,1
0x40,32,13,1
0x40,32,0,2
0x40,32,1,2
0x40,32,12,2
0x40,32,13,2
0x40,32,0,3
0x40,32,1,3
0x40,32,12,3
0x40,32,13,3
0x40,32,0,4
0x40,32,1,4
0x40,32,12,4
0x40,32,13,4
0x40,32,0,5
0x40,32,1,5
0x40,32,12,5
0x40,32,13,5
0x40,32,2,6
0x40,32,3,6
0x40,32,4,6
0x40,32,9,6
0x40,32,10,6
0x40,32,11,6
0x40,32,6,4
0x40,32,7,4
0x40,32,5,5
0x40,32,8,5
0x40,32,16,1
0x40,32,15,2
0x40,32,16,2
0x40,32,15,4
0x40,32,16,4
0x40,32,15,5
0x40,32,16,5
0x40,32,15,6
0x40,32,16,6
0x40,32,17,0
0x40,32,16,2
0x40,32,18,0
0x40,32,19,0
0x40,32,18,1
0x40,32,19,1
0x40,32,18,2
0x40,32,19,2
0x40,32,18,3
0x40,32,19,3
0x40,32,18,4
0x40,32,19,4
0x40,32,18,5
0x40,32,19,5
0x40,32,18,6
0x40,32,19,6
0x40,32,20,6
0x40,32,22,4
0x40,32,22,5
0x40,32,22,6
0x40,32,26,0
0x40,32,27,0
0x40,32,26,1
0x40,32,27,1
0x40,32,26,2
0x40,32,27,2
0x40,32,26,3
0x40,32,27,3
0x40,32,26,4
0x40,32,27,4
0x40,32,26,5
0x40,32,27,5
0x40,32,26,6
0x40,32,27,6
0x40,32,23,4
0x40,32,23,6
0x40,32,24,4
0x40,32,24,6
0x40,32,25,4
0x40,32,25,6
0x40,32,28,6
0x40,32,30,0
0x40,32,31,0
0x40,32,30,1
0x40,32,31,1
0x40,32,30,2
0x40,32,31,2
0x40,32,30,3
0x40,32,31,3
0x40,32,30,4
0x40,32,31,4
0x40,32,30,5
0x40,32,31,5
0x40,32,30,6
0x40,32,31,6
0x40,32,32,0
0x40,32,32,0
0x40,32,33,0
0x40,32,33,0
0x40,32,34,0
0x40,32,34,0
0x40,32,35,0
0x40,32,35,0
0x40,32,36,0
0x40,32,36,0
0x40,32,32,1
0x40,32,32,1
0x40,32,33,1
0x40,32,33,1
0x40,32,34,1
0x40,32,34,1
0x40,32,35,1
0x40,32,35,1
0x40,32,36,1
0x40,32,36,1
0x40,32,32,4
0x40,32,38,1
0x40,32,37,2
0x40,32,38,2
0x40,32,37,4
0x40,32,38,4
0x40,32,37,5
0x40,32,38,5
0x40,32,37,6
0x40,32,38,6
0x40,32,40,4
0x40,32,41,4
0x40,32,40,5
0x40,32,41,5
0x40,32,40,6
0x40,32,41,6
0x40,32,42,5
0x40,32,43,4
0x40,32,44,4
0x40,32,46,3
0x40,32,46,4
0x40,32,46,6
0x40,32,47,3
0x40,32,47,4
0x40,32,47,6
0x40,32,48,3
0x40,32,48,4
0x40,32,48,6
0x40,32,49,3
0x40,32,49,4
0x40,32,49,6
0x40,32,50,3
0x40,32,50,4
0x40,32,50,6
0x40,32,51,3
0x40,32,51,4
0x40,32,51,6
0x40,32,46,5
0x40,32,47,5
