19,13
0x00,32,4,10
0x00,32,4,11
0x00,32,4,12
0x00,32,5,11
0x00,32,5,12
0x00,32,6,10
0x00,32,6,11
0x00,32,6,12
0x00,32,8,9
0x00,32,8,10
0x00,32,8,11
0x00,32,9,9
0x00,32,9,10
0x00,32,9,11
0x00,32,10,9
0x00,32,10,10
0x00,32,10,11
0x00,32,11,9
0x00,32,11,10
0x00,32,11,11
0x00,32,12,9
0x00,32,12,10
0x00,32,12,11
0x00,32,13,9
0x00,32,13,10
0x00,32,13,11
0x00,32,12,8
0x00,32,12,9
0x00,32,13,8
0x00,32,13,9
0x00,32,11,12
0x00,32,12,12
0x00,32,8,12
0x00,32,9,12
0x00,32,10,9
0x00,32,11,9
0x00,32,6,9
0x00,32,8,9
0x00,32,15,10
0x00,32,15,11
0x00,32,16,10
0x00,32,16,11
