6,8
0x40,32,0,0
0x40,32,1,0
0x40,32,2,0
0x40,32,3,0
0x40,32,4,0
0x40,32,5,0
0x40,32,0,1
0x40,32,1,1
0x40,32,2,1
0x40,32,3,1
0x40,32,4,1
0x40,32,5,1
0x40,32,0,2
0x40,32,1,2
0x40,32,2,2
0x40,32,3,2
0x40,32,4,2
0x40,32,5,2
0x40,32,0,3
0x40,32,1,3
0x40,32,2,3
0x40,32,3,3
0x40,32,4,3
0x40,32,5,3
0x40,32,0,4
0x40,32,1,4
0x40,32,2,4
0x40,32,3,4
0x40,32,4,4
0x40,32,5,4
0x40,32,0,5
0x40,32,1,5
0x40,32,2,5
0x40,32,3,5
0x40,32,4,5
0x40,32,5,5
0x40,32,0,6
0x40,32,1,6
0x40,32,2,6
0x40,32,3,6
0x40,32,4,6
0x40,32,5,6
0x40,32,0,7
0x40,32,1,7
0x40,32,2,7
0x40,32,3,7
0x40,32,4,7
0x40,32,5,7
