18,12
0x20,32,4,0
0x20,32,5,0
0x20,32,6,0
0x20,32,7,0
0x20,32,8,0
0x20,32,9,0
0x20,32,4,1
0x20,32,5,1
0x20,32,6,1
0x20,32,7,1
0x20,32,8,1
0x20,32,9,1
0x20,32,1,2
0x20,32,2,2
0x20,32,3,2
0x20,32,4,2
0x20,32,5,2
0x20,32,6,2
0x20,32,7,2
0x20,32,8,2
0x20,32,9,2
0x20,32,10,2
0x20,32,11,2
0x20,32,12,2
0x20,32,13,2
0x20,32,14,2
0x20,32,15,2
0x20,32,16,2
0x20,32,1,3
0x20,32,2,3
0x20,32,3,3
0x20,32,4,3
0x20,32,5,3
0x20,32,6,3
0x20,32,7,3
0x20,32,8,3
0x20,32,9,3
0x20,32,10,3
0x20,32,11,3
0x20,32,12,3
0x20,32,13,3
0x20,32,14,3
0x20,32,15,3
0x20,32,16,3
0x20,32,0,4
0x20,32,1,4
0x20,32,2,4
0x20,32,3,4
0x20,32,4,4
0x20,32,5,4
0x20,32,6,4
0x20,32,7,4
0x20,32,8,4
0x20,32,9,4
0x20,32,10,4
0x20,32,11,4
0x20,32,12,4
0x20,32,13,4
0x20,32,14,4
0x20,32,15,4
0x20,32,16,4
0x20,32,17,4
0x20,32,0,5
0x20,32,1,5
0x20,32,2,5
0x20,32,3,5
0x20,32,4,5
0x20,32,5,5
0x20,32,6,5
0x20,32,7,5
0x20,32,8,5
0x20,32,9,5
0x20,32,10,5
0x20,32,11,5
0x20,32,12,5
0x20,32,13,5
0x20,32,14,5
0x20,32,15,5
0x20,32,16,5
0x20,32,17,5
0x20,32,0,6
0x20,32,1,6
0x20,32,2,6
0x20,32,3,6
0x20,32,4,6
0x20,32,5,6
0x20,32,6,6
0x20,32,7,6
0x20,32,0,7
0x20,32,1,7
0x20,32,2,7
0x20,32,3,7
0x20,32,4,7
0x20,32,5,7
0x20,32,6,7
0x20,32,7,7
0x00,32,2,7
0x00,32,3,7
0x00,32,4,7
0x00,32,5,7
0x00,32,6,7
0x00,32,7,7
0x00,32,8,4
0x00,32,9,4
0x00,32,8,5
0x00,32,9,5
0x00,32,8,6
0x00,32,9,6
0x00,32,8,7
0x00,32,9,7
0x00,32,8,8
0x00,32,9,8
0x00,32,8,9
0x00,32,9,9
0x00,32,8,10
0x00,32,9,10
0x00,32,8,11
0x00,32,9,11
0x00,32,10,6
0x00,32,10,7
0x00,32,10,8
0x00,32,10,9
0x00,32,10,10
0x00,32,10,11
0x00,32,11,6
0x00,32,12,6
0x00,32,13,4
0x00,32,13,5
0x00,32,13,6
