10,13
0x00,32,0,0
0x00,32,1,0
0x00,32,0,1
0x00,32,1,1
0x00,32,0,2
0x00,32,1,2
0x00,32,0,3
0x00,32,1,3
0x00,32,0,4
0x00,32,1,4
0x00,32,0,5
0x00,32,1,5
0x00,32,0,6
0x00,32,1,6
0x00,32,0,7
0x00,32,1,7
0x00,32,0,8
0x00,32,1,8
0x00,32,0,9
0x00,32,1,9
0x00,32,0,10
0x00,32,1,10
0x00,32,0,11
0x00,32,1,11
0x00,32,0,12
0x00,32,1,12
0x80,32,2,0
0x80,32,3,0
0x80,32,2,1
0x80,32,3,1
0x80,32,2,2
0x80,32,3,2
0x80,32,2,3
0x80,32,3,3
0x80,32,2,4
0x80,32,3,4
0x80,32,2,5
0x80,32,3,5
0x80,32,2,6
0x80,32,3,6
0x80,32,2,7
0x80,32,3,7
0x80,32,2,8
0x80,32,3,8
0x80,32,2,9
0x80,32,3,9
0x80,32,2,10
0x80,32,3,10
0x80,32,2,11
0x80,32,3,11
0x80,32,2,12
0x80,32,3,12
0x80,32,4,0
0x80,32,5,0
0x70,32,4,1
0x70,32,5,1
0x80,32,4,2
0x80,32,5,2
0x70,32,4,3
0x70,32,5,3
0x80,32,4,4
0x80,32,5,4
0x70,32,4,5
0x70,32,5,5
0x80,32,4,6
0x80,32,5,6
0x70,32,4,7
0x70,32,5,7
0x80,32,4,8
0x80,32,5,8
0x70,32,4,9
0x70,32,5,9
0x80,32,4,10
0x80,32,5,10
0x70,32,4,11
0x70,32,5,11
0x80,32,4,12
0x80,32,5,12
0x80,32,6,0
0x80,32,7,0
0x80,32,6,1
0x80,32,7,1
0x80,32,6,2
0x80,32,7,2
0x80,32,6,3
0x80,32,7,3
0x80,32,6,4
0x80,32,7,4
0x80,32,6,5
0x80,32,7,5
0x80,32,6,6
0x80,32,7,6
0x80,32,6,7
0x80,32,7,7
0x80,32,6,8
0x80,32,7,8
0x80,32,6,9
0x80,32,7,9
0x80,32,6,10
0x80,32,7,10
0x80,32,6,11
0x80,32,7,11
0x80,32,6,12
0x80,32,7,12
0x00,32,8,0
0x00,32,9,0
0x00,32,8,1
0x00,32,9,1
0x00,32,8,2
0x00,32,9,2
0x00,32,8,3
0x00,32,9,3
0x00,32,8,4
0x00,32,9,4
0x00,32,8,5
0x00,32,9,5
0x00,32,8,6
0x00,32,9,6
0x00,32,8,7
0x00,32,9,7
0x00,32,8,8
0x00,32,9,8
0x00,32,8,9
0x00,32,9,9
0x00,32,8,10
0x00,32,9,10
0x00,32,8,11
0x00,32,9,11
0x00,32,8,12
0x00,32,9,12
