10,5
0x00,32,0,0
0x00,32,1,0
0x00,32,2,0
0x00,32,3,0
0x00,32,4,0
0x00,32,5,0
0x00,32,6,0
0x00,32,7,0
0x00,32,8,0
0x00,32,9,0
0x80,32,2,0
0x80,32,3,0
0x80,32,4,0
0x80,32,5,0
0x80,32,6,0
0x80,32,7,0
0x70,32,4,0
0x70,32,5,0
0x80,32,0,1
0x80,32,1,1
0x80,32,2,1
0x80,32,3,1
0x80,32,4,1
0x80,32,5,1
0x80,32,6,1
0x80,32,7,1
0x00,32,8,1
0x00,32,9,1
0x80,32,0,2
0x80,32,1,2
0x80,32,2,2
0x80,32,3,2
0x80,32,4,2
0x80,32,5,2
0x80,32,6,2
0x80,32,7,2
0x00,32,8,2
0x00,32,9,2
0x70,32,0,2
0x70,32,1,2
0x70,32,4,2
0x70,32,5,2
0x80,32,0,3
0x80,32,1,3
0x80,32,2,3
0x80,32,3,3
0x80,32,4,3
0x80,32,5,3
0x80,32,6,3
0x80,32,7,3
0x00,32,8,3
0x00,32,9,3
0x00,32,0,4
0x00,32,1,4
0x00,32,2,4
0x00,32,3,4
0x00,32,4,4
0x00,32,5,4
0x00,32,6,4
0x00,32,7,4
0x00,32,8,4
0x00,32,9,4
0x80,32,2,4
0x80,32,3,4
0x80,32,4,4
0x80,32,5,4
0x80,32,6,4
0x80,32,7,4
0x70,32,4,4
0x70,32,5,4
