9,6
0x10,32,0,0
0x10,32,1,0
0x10,32,2,0
0x10,32,3,0
0x10,32,4,0
0x10,32,5,0
0x10,32,6,0
0x10,32,7,0
0x10,32,8,0
0x10,32,0,1
0x10,32,1,1
0x10,32,2,1
0x10,32,3,1
0x10,32,4,1
0x10,32,5,1
0x10,32,6,1
0x10,32,7,1
0x10,32,8,1
0x10,32,0,2
0x10,32,1,2
0x10,32,2,2
0x10,32,3,2
0x10,32,4,2
0x10,32,5,2
0x10,32,6,2
0x10,32,7,2
0x10,32,8,2
0x10,32,0,3
0x10,32,1,3
0x10,32,2,3
0x10,32,3,3
0x10,32,4,3
0x10,32,5,3
0x10,32,6,3
0x10,32,7,3
0x10,32,8,3
0x10,32,0,4
0x10,32,1,4
0x10,32,2,4
0x10,32,3,4
0x10,32,4,4
0x10,32,5,4
0x10,32,6,4
0x10,32,7,4
0x10,32,8,4
0x10,32,0,5
0x10,32,1,5
0x10,32,2,5
0x10,32,3,5
0x10,32,4,5
0x10,32,5,5
0x10,32,6,5
0x10,32,7,5
0x10,32,8,5
0x90,32,1,1
0x90,32,2,1
0x90,32,3,1
0x90,32,4,1
0x90,32,5,1
0x90,32,6,1
0x90,32,7,1
0x90,32,1,2
0x90,32,2,2
0x90,32,3,2
0x90,32,4,2
0x90,32,5,2
0x90,32,6,2
0x90,32,7,2
0x90,32,1,3
0x90,32,2,3
0x90,32,3,3
0x90,32,4,3
0x90,32,5,3
0x90,32,6,3
0x90,32,7,3
0x90,32,1,4
0x90,32,2,4
0x90,32,3,4
0x90,32,4,4
0x90,32,5,4
0x90,32,6,4
0x90,32,7,4
