0x69,32,0,0
0x69,32,1,0
0x69,32,2,0
0x69,32,3,0
0x69,32,4,0
0x69,32,5,0
0x69,32,6,0
0x69,32,7,0
0x69,32,8,0
0x69,32,9,0
0x69,32,10,0
0x69,32,11,0
0x69,32,12,0
0x69,32,13,0
0x69,32,14,0
0x69,32,15,0
0x69,32,16,0
0x69,32,17,0
0x69,32,18,0
0x69,32,19,0
0x69,32,20,0
0x69,32,21,0
0x69,32,22,0
0x69,32,23,0
0x69,32,24,0
0x69,32,25,0
0x69,32,26,0
0x69,32,27,0
0x69,32,28,0
0x69,32,29,0
0x69,32,30,0
0x69,32,31,0
0x69,32,32,0
0x69,32,33,0
0x69,32,34,0
0x69,32,35,0
0x69,32,36,0
0x69,32,37,0
0x69,32,38,0
0x69,32,39,0
0x69,32,40,0
0x69,32,41,0
0x69,32,42,0
0x69,32,43,0
0x69,32,44,0
0x69,32,45,0
0x69,32,46,0
0x69,32,47,0
0x69,32,48,0
0x69,32,49,0
0x69,32,50,0
0x69,32,0,1
0x69,32,1,1
0x69,32,2,1
0x69,32,3,1
0x69,32,4,1
0x69,32,5,1
0x69,32,6,1
0x69,32,7,1
0x69,32,8,1
0x69,32,9,1
0x69,32,10,1
0x69,32,11,1
0x69,32,12,1
0x69,32,13,1
0x69,32,14,1
0x69,32,15,1
0x69,32,16,1
0x69,32,17,1
0x69,32,18,1
0x69,32,19,1
0x69,32,20,1
0x69,32,21,1
0x69,32,22,1
0x69,32,23,1
0x69,32,24,1
0x69,32,25,1
0x69,32,26,1
0x69,32,27,1
0x69,32,28,1
0x69,32,29,1
0x69,32,30,1
0x69,32,31,1
0x69,32,32,1
0x69,32,33,1
0x69,32,34,1
0x69,32,35,1
0x69,32,36,1
0x69,32,37,1
0x69,32,38,1
0x69,32,39,1
0x69,32,40,1
0x69,32,41,1
0x69,32,42,1
0x69,32,43,1
0x69,32,44,1
0x69,32,45,1
0x69,32,46,1
0x69,32,47,1
0x69,32,48,1
0x69,32,49,1
0x69,32,50,1
0xE9,32,24,0
0xE9,32,25,0
0xE9,32,26,0
0xE9,32,24,1
0xE9,32,25,1
0xE9,32,26,1
