19,13
0x40,32,0,8
0x40,32,2,6
0x40,32,4,4
0x40,32,6,2
0x40,32,8,0
0x40,32,13,1
0x40,32,15,3
0x40,32,17,5
0x40,32,18,10
0x40,32,10,1
0x40,32,9,2
0x40,32,10,2
0x40,32,11,2
0x40,32,8,3
0x40,32,9,3
0x40,32,10,3
0x40,32,11,3
0x40,32,12,3
0x40,32,7,4
0x40,32,8,4
0x40,32,9,4
0x40,32,10,4
0x40,32,11,4
0x40,32,12,4
0x40,32,13,4
0x40,32,6,5
0x40,32,7,5
0x40,32,8,5
0x40,32,9,5
0x40,32,10,5
0x40,32,11,5
0x40,32,12,5
0x40,32,13,5
0x40,32,14,5
0x40,32,5,6
0x40,32,6,6
0x40,32,7,6
0x40,32,8,6
0x40,32,9,6
0x40,32,10,6
0x40,32,11,6
0x40,32,12,6
0x40,32,13,6
0x40,32,14,6
0x40,32,15,6
0x40,32,4,7
0x40,32,5,7
0x40,32,6,7
0x40,32,7,7
0x40,32,8,7
0x40,32,9,7
0x40,32,10,7
0x40,32,11,7
0x40,32,12,7
0x40,32,13,7
0x40,32,14,7
0x40,32,15,7
0x40,32,16,7
0x40,32,3,8
0x40,32,4,8
0x40,32,5,8
0x40,32,6,8
0x40,32,7,8
0x40,32,8,8
0x40,32,9,8
0x40,32,10,8
0x40,32,11,8
0x40,32,12,8
0x40,32,13,8
0x40,32,14,8
0x40,32,15,8
0x40,32,16,8
0x40,32,17,8
0x40,32,2,9
0x40,32,3,9
0x40,32,4,9
0x40,32,5,9
0x40,32,6,9
0x40,32,7,9
0x40,32,8,9
0x40,32,9,9
0x40,32,10,9
0x40,32,11,9
0x40,32,12,9
0x40,32,13,9
0x40,32,14,9
0x40,32,15,9
0x40,32,16,9
0x40,32,17,9
0x00,32,4,10
0x00,32,4,11
0x00,32,4,12
0x00,32,5,10
0x00,32,5,11
0x00,32,5,12
0x00,32,6,10
0x00,32,6,11
0x00,32,6,12
0x00,32,8,9
0x00,32,8,10
0x00,32,8,11
0x00,32,9,9
0x00,32,9,10
0x00,32,9,11
0x00,32,10,9
0x00,32,10,10
0x00,32,10,11
0x00,32,11,9
0x00,32,11,10
0x00,32,11,11
0x00,32,12,9
0x00,32,12,10
0x00,32,12,11
0x00,32,13,9
0x00,32,13,10
0x00,32,13,11
0x00,32,12,8
0x00,32,12,9
0x00,32,13,8
0x00,32,13,9
0x00,32,11,12
0x00,32,12,12
0x00,32,8,12
0x00,32,9,12
0x00,32,10,9
0x00,32,11,9
0x00,32,6,9
0x00,32,8,9
0x40,32,5,10
0x00,32,15,10
0x00,32,15,11
0x00,32,16,10
0x00,32,16,11
